Tableau de dosage des différents composants du backing (mélange verre/araldite 20-20)
3,1415926536 araldite = résine(70%) + durcissant (30%)
2,5 zone intéressante (cf impédance acoustique)
1,33
% verre/araldite (volumique) masse verre (g) masse totale araldite 20-20 (g) masse résine (g) masse durcissant (g)
4 0,3141592654 4,0111855001 0,280782985 0,120335565
4,5 0,3534291735 3,990293909 0,2793205736 0,1197088173
5 0,3926990817 3,9694023178 0,2778581622 0,1190820695
5,5 0,4319689899 3,9485107267 0,2763957509 0,1184553218
6 0,471238898 3,9276191355 0,2749333395 0,1178285741
6,5 0,5105088062 3,9067275444 0,2734709281 0,1172018263
7 0,5497787144 3,8858359532 0,2720085167 0,1165750786
7,5 0,5890486225 3,8649443621 0,2705461053 0,1159483309
8 0,6283185307 3,8440527709 0,269083694 0,1153215831
8,5 0,6675884389 3,8231611798 0,2676212826 0,1146948354
9 0,7068583471 3,8022695886 0,2661588712 0,1140680877
9,5 0,7461282552 3,7813779975 0,2646964598 0,1134413399
10 0,7853981634 3,7604864063 0,2632340484 0,1128145922
10,5 0,8246680716 3,7395948152 0,2617716371 0,1121878445
11 0,8639379797 3,7187032241 0,2603092257 0,1115610967
11,5 0,9032078879 3,6978116329 0,2588468143 0,110934349
12 0,9424777961 3,6769200418 0,2573844029 0,1103076013
12,5 0,9817477042 3,6560284506 0,2559219915 0,1096808535
13 1,0210176124 3,6351368595 0,2544595802 0,1090541058
13,5 1,0602875206 3,6142452683 0,2529971688 0,108427358
14 1,0995574288 3,5933536772 0,2515347574 0,1078006103
14,5 1,1388273369 3,572462086 0,250072346 0,1071738626
15 1,1780972451 3,5515704949 0,2486099346 0,1065471148
15,5 1,2173671533 3,5306789037 0,2471475233 0,1059203671
16 1,2566370614 3,5097873126 0,2456851119 0,1052936194
volume (cm3
)
masse volumique verre (g/cm3
)
masse volumique araldite 20-20 (g/cm3
)
