Tableau de dosage des différents composants du backing (mélange tungstène/araldite)
3,1415926536 araldite = résine(70%) + durcissant (30%)
19,3 zone intéressante (cf impédance acoustique)
1,33
% tungstène/araldite (volumique) masse tungstène (g) masse totale araldite (g) masse résine (g) masse durcissant (g)
0,5 0,3031636911 4,1574266381 0,2910198647 0,1247227991
1 0,6063273821 4,136535047 0,2895574533 0,1240960514
1,5 0,9094910732 4,1156434558 0,2880950419 0,1234693037
2 1,2126547643 4,0947518647 0,2866326305 0,1228425559
2,5 1,5158184554 4,0738602735 0,2851702191 0,1222158082
3 1,8189821464 4,0529686824 0,2837078078 0,1215890605
3,5 2,1221458375 4,0320770912 0,2822453964 0,1209623127
4 2,4253095286 4,0111855001 0,280782985 0,120335565
4,5 2,7284732196 3,990293909 0,2793205736 0,1197088173
5 3,0316369107 3,9694023178 0,2778581622 0,1190820695
5,5 3,3348006018 3,9485107267 0,2763957509 0,1184553218
6 3,6379642929 3,9276191355 0,2749333395 0,1178285741
6,5 3,9411279839 3,9067275444 0,2734709281 0,1172018263
7 4,244291675 3,8858359532 0,2720085167 0,1165750786
7,5 4,5474553661 3,8649443621 0,2705461053 0,1159483309
8 4,8506190571 3,8440527709 0,269083694 0,1153215831
8,5 5,1537827482 3,8231611798 0,2676212826 0,1146948354
9 5,4569464393 3,8022695886 0,2661588712 0,1140680877
9,5 5,7601101304 3,7813779975 0,2646964598 0,1134413399
10 6,0632738214 3,7604864063 0,2632340484 0,1128145922
volume (cm3
)
masse volumique tungstène (g/cm3
)
masse volumique araldite (g/cm3
)
