Tableau de dosage des différents composants du backing (mélange verre/SADER époxy)
3,1415926536 SADER époxy = résine(50%) + durcissant (50%)
2,5 zone intéressante (cf impédance acoustique)
1,13
% verre/SADER (volumique) masse verre (g) masse totale SADER 20-20 (g) masse résine (g) masse durcissant (g)
4 0,3141592654 3,4079997106 1,7039998553 1,7039998553
4,5 0,3534291735 3,3902497121 1,6951248561 1,6951248561
5 0,3926990817 3,3724997136 1,6862498568 1,6862498568
5,5 0,4319689899 3,3547497151 1,6773748576 1,6773748576
6 0,471238898 3,3369997166 1,6684998583 1,6684998583
6,5 0,5105088062 3,3192497182 1,6596248591 1,6596248591
7 0,5497787144 3,3014997197 1,6507498598 1,6507498598
7,5 0,5890486225 3,2837497212 1,6418748606 1,6418748606
8 0,6283185307 3,2659997227 1,6329998613 1,6329998613
8,5 0,6675884389 3,2482497242 1,6241248621 1,6241248621
9 0,7068583471 3,2304997257 1,6152498628 1,6152498628
9,5 0,7461282552 3,2127497272 1,6063748636 1,6063748636
10 0,7853981634 3,1949997287 1,5974998644 1,5974998644
10,5 0,8246680716 3,1772497302 1,5886248651 1,5886248651
11 0,8639379797 3,1594997317 1,5797498659 1,5797498659
11,5 0,9032078879 3,1417497332 1,5708748666 1,5708748666
12 0,9424777961 3,1239997347 1,5619998674 1,5619998674
12,5 0,9817477042 3,1062497362 1,5531248681 1,5531248681
13 1,0210176124 3,0884997377 1,5442498689 1,5442498689
13,5 1,0602875206 3,0707497393 1,5353748696 1,5353748696
14 1,0995574288 3,0529997408 1,5264998704 1,5264998704
14,5 1,1388273369 3,0352497423 1,5176248711 1,5176248711
15 1,1780972451 3,0174997438 1,5087498719 1,5087498719
15,5 1,2173671533 2,9997497453 1,4998748726 1,4998748726
16 1,2566370614 2,9819997468 1,4909998734 1,4909998734
volume (cm3
)
masse volumique verre (g/cm3
)
masse volumique SADER (g/cm3
)
