Tableau de dosage des différents composants du backing (mélange verre/araldite 20-20)
3,1415926536 araldite = résine(70%) + durcissant (30%)
2,5 zone intéressante (cf impédance acoustique)
1,13
% verre/araldite (volumique) masse verre (g) masse totale araldite 20-20 (g) masse résine (g) masse durcissant (g)
4 0,3141592654 3,4079997106 2,3855997974 1,0223999132
4,5 0,3534291735 3,3902497121 2,3731747985 1,0170749136
5 0,3926990817 3,3724997136 2,3607497995 1,0117499141
5,5 0,4319689899 3,3547497151 2,3483248006 1,0064249145
6 0,471238898 3,3369997166 2,3358998017 1,001099915
6,5 0,5105088062 3,3192497182 2,3234748027 0,9957749154
7 0,5497787144 3,3014997197 2,3110498038 0,9904499159
7,5 0,5890486225 3,2837497212 2,2986248048 0,9851249163
8 0,6283185307 3,2659997227 2,2861998059 0,9797999168
8,5 0,6675884389 3,2482497242 2,2737748069 0,9744749173
9 0,7068583471 3,2304997257 2,261349808 0,9691499177
9,5 0,7461282552 3,2127497272 2,248924809 0,9638249182
10 0,7853981634 3,1949997287 2,2364998101 0,9584999186
10,5 0,8246680716 3,1772497302 2,2240748111 0,9531749191
11 0,8639379797 3,1594997317 2,2116498122 0,9478499195
11,5 0,9032078879 3,1417497332 2,1992248133 0,94252492
12 0,9424777961 3,1239997347 2,1867998143 0,9371999204
12,5 0,9817477042 3,1062497362 2,1743748154 0,9318749209
13 1,0210176124 3,0884997377 2,1619498164 0,9265499213
13,5 1,0602875206 3,0707497393 2,1495248175 0,9212249218
14 1,0995574288 3,0529997408 2,1370998185 0,9158999222
14,5 1,1388273369 3,0352497423 2,1246748196 0,9105749227
15 1,1780972451 3,0174997438 2,1122498206 0,9052499231
15,5 1,2173671533 2,9997497453 2,0998248217 0,8999249236
16 1,2566370614 2,9819997468 2,0873998228 0,894599924
volume (cm3
)
masse volumique verre (g/cm3
)
masse volumique araldite 20-20 (g/cm3
)
