Tableau de dosage des différents composants du backing (mélange tungstène/araldite)
3,1415926536 araldite = résine(70%) + durcissant (30%)
19,3 zone intéressante (cf impédance acoustique)
1,13
% tungstène/araldite (volumique) masse tungstène (g) masse totale araldite (g) masse résine (g) masse durcissant (g)
0,5 0,3031636911 3,5322497001 2,47257479 1,05967491
1 0,6063273821 3,5144997016 2,4601497911 1,0543499105
1,5 0,9094910732 3,4967497031 2,4477247922 1,0490249109
2 1,2126547643 3,4789997046 2,4352997932 1,0436999114
2,5 1,5158184554 3,4612497061 2,4228747943 1,0383749118
3 1,8189821464 3,4434997076 2,4104497953 1,0330499123
3,5 2,1221458375 3,4257497091 2,3980247964 1,0277249127
4 2,4253095286 3,4079997106 2,3855997974 1,0223999132
4,5 2,7284732196 3,3902497121 2,3731747985 1,0170749136
5 3,0316369107 3,3724997136 2,3607497995 1,0117499141
5,5 3,3348006018 3,3547497151 2,3483248006 1,0064249145
6 3,6379642929 3,3369997166 2,3358998017 1,001099915
6,5 3,9411279839 3,3192497182 2,3234748027 0,9957749154
7 4,244291675 3,3014997197 2,3110498038 0,9904499159
7,5 4,5474553661 3,2837497212 2,2986248048 0,9851249163
8 4,8506190571 3,2659997227 2,2861998059 0,9797999168
8,5 5,1537827482 3,2482497242 2,2737748069 0,9744749173
9 5,4569464393 3,2304997257 2,261349808 0,9691499177
9,5 5,7601101304 3,2127497272 2,248924809 0,9638249182
10 6,0632738214 3,1949997287 2,2364998101 0,9584999186
volume (cm3
)
masse volumique tungstène (g/cm3
)
masse volumique araldite (g/cm3
)
